"Berry" <-
structure(list(sample = structure(as.integer(c(1, 1, 2, 2, 3, 
3, 4, 4, 5, 5, 6, 6, 1, 1, 2, 2, 3, 3, 4, 4, 5, 5, 6, 6, 1, 1, 
2, 2, 3, 3, 4, 4, 5, 5, 6, 6, 1, 1, 2, 2, 3, 3, 4, 4, 5, 5, 6, 
6, 1, 1, 2, 2, 3, 3, 4, 4, 5, 5, 6, 6, 1, 1, 2, 2, 3, 3, 4, 4, 
5, 5, 6, 6, 1, 1, 2, 2, 3, 3, 4, 4, 5, 5, 6, 6)), .Label = c("1", 
"2", "3", "4", "5", "6"), class = "factor"), tissue = structure(as.integer(c(1, 
2, 1, 2, 1, 2, 1, 2, 1, 2, 1, 2, 1, 2, 1, 2, 1, 2, 1, 2, 1, 2, 
1, 2, 1, 2, 1, 2, 1, 2, 1, 2, 1, 2, 1, 2, 1, 2, 1, 2, 1, 2, 1, 
2, 1, 2, 1, 2, 1, 2, 1, 2, 1, 2, 1, 2, 1, 2, 1, 2, 1, 2, 1, 2, 
1, 2, 1, 2, 1, 2, 1, 2, 1, 2, 1, 2, 1, 2, 1, 2, 1, 2, 1, 2)), .Label = c("flo", 
"veg"), class = "factor"), conc = c(5.676, 9.787, 6.587, 10.818, 
6.886, 10.071, 6.304, 9.125, 6.228, 10.014, 7.857, 7.381, 6.575, 
6.574, 6.468, 10.39, 6.821, 5.943, 7.249, 7.619, 6.088, 7.571, 
7.285, 8.454, 6.645, 7.064, 8.829, 9.978, 6.061, 7.952, 6.564, 
9.955, 7.067, 6.676, 7.494, 8.519, 8.094, 9.503, 6.464, 7.623, 
6.48, 8.773, 6.815, 8.361, 8.273, 10.119, 7.397, 8.232, 8.727, 
9.296, 7.426, 10.123, 7.352, 9.516, 6.334, 8.112, 8.267, 11.261, 
8.628, 8.997, 8.992, 8.978, 9.119, 8.217, 10.646, 9.44, 7.966, 
8.838, 9.98, 10.316, 10.321, 9.531, 9.571, 8.562, 9.516, 8.126, 
9.701, 12.333, 10.174, 12.395, 10.759, 12.754, 11.027, 12.332
), date = structure(as.integer(c(1, 1, 1, 1, 1, 1, 1, 1, 1, 1, 
1, 1, 2, 2, 2, 2, 2, 2, 2, 2, 2, 2, 2, 2, 3, 3, 3, 3, 3, 3, 3, 
3, 3, 3, 3, 3, 4, 4, 4, 4, 4, 4, 4, 4, 4, 4, 4, 4, 5, 5, 5, 5, 
5, 5, 5, 5, 5, 5, 5, 5, 6, 6, 6, 6, 6, 6, 6, 6, 6, 6, 6, 6, 7, 
7, 7, 7, 7, 7, 7, 7, 7, 7, 7, 7)), .Label = c("179", "200", "221", 
"242", "269", "290", "320"), class = "factor")), .Names = c("sample", 
"tissue", "conc", "date"), row.names = c("conc11", "conc12", 
"conc13", "conc14", "conc15", "conc16", "conc17", "conc18", "conc19", 
"conc110", "conc111", "conc112", "conc21", "conc22", "conc23", 
"conc24", "conc25", "conc26", "conc27", "conc28", "conc29", "conc210", 
"conc211", "conc212", "conc31", "conc32", "conc33", "conc34", 
"conc35", "conc36", "conc37", "conc38", "conc39", "conc310", 
"conc311", "conc312", "conc41", "conc42", "conc43", "conc44", 
"conc45", "conc46", "conc47", "conc48", "conc49", "conc410", 
"conc411", "conc412", "conc51", "conc52", "conc53", "conc54", 
"conc55", "conc56", "conc57", "conc58", "conc59", "conc510", 
"conc511", "conc512", "conc61", "conc62", "conc63", "conc64", 
"conc65", "conc66", "conc67", "conc68", "conc69", "conc610", 
"conc611", "conc612", "conc71", "conc72", "conc73", "conc74", 
"conc75", "conc76", "conc77", "conc78", "conc79", "conc710", 
"conc711", "conc712"), class = "data.frame")
