"BrandX" <-
structure(list(Brand = structure(c(1, 2, 1, 2, 1, 2, 1, 2, 1, 
2, 1, 2, 1, 2, 1, 2, 1, 2, 1, 2, 1, 2, 1, 2), .Label = c("X", 
"M"), class = "factor", contrasts = structure(c(-0.707106781186547, 
0.707106781186548), .Dim = c(2, 1), .Dimnames = list(c("X", "M"
), ".L"))), Temp = structure(c(1, 1, 2, 2, 1, 1, 2, 2, 1, 1, 
2, 2, 1, 1, 2, 2, 1, 1, 2, 2, 1, 1, 2, 2), .Label = c("Low", 
"High"), class = "factor", contrasts = structure(c(-0.707106781186547, 
0.707106781186548), .Dim = c(2, 1), .Dimnames = list(c("Low", 
"High"), ".L"))), M.user = structure(c(1, 1, 1, 1, 2, 2, 2, 2, 
1, 1, 1, 1, 2, 2, 2, 2, 1, 1, 1, 1, 2, 2, 2, 2), .Label = c("N", 
"Y"), class = "factor", contrasts = structure(c(-0.707106781186547, 
0.707106781186548), .Dim = c(2, 1), .Dimnames = list(c("N", "Y"
), ".L"))), Soft = structure(c(3, 3, 3, 3, 3, 3, 3, 3, 2, 2, 
2, 2, 2, 2, 2, 2, 1, 1, 1, 1, 1, 1, 1, 1), .Label = c("Soft", 
"Medium", "Hard"), class = c("ordered", "factor"), contrasts = structure(c(-0.707106781186548, 
-7.85046229341888e-17, 0.707106781186547, 0.408248290463863, 
-0.816496580927726, 0.408248290463863), .Dim = c(3, 2), .Dimnames = list(
    c("Soft", "Medium", "Hard"), c(".L", ".Q")))), Fr = c(68, 
42, 42, 30, 37, 52, 24, 43, 66, 50, 33, 23, 47, 55, 23, 47, 63, 
53, 29, 27, 57, 49, 19, 29)), .Names = c("Brand", "Temp", "M.user", 
"Soft", "Fr"), row.names = c("1", "2", "3", "4", "5", "6", "7", 
"8", "9", "10", "11", "12", "13", "14", "15", "16", "17", "18", 
"19", "20", "21", "22", "23", "24"), class = "data.frame")
