"Brassica" <-
structure(list(crop = structure(c(1, 1, 1, 1, 1, 1, 1, 1, 1, 
1, 1, 1, 1, 1, 1, 1, 1, 1, 3, 3, 3, 3, 3, 3, 3, 3, 3, 3, 3, 3, 
3, 3, 3, 3, 3, 3, 4, 4, 4, 4, 4, 4, 4, 4, 4, 4, 4, 4, 4, 4, 4, 
4, 4, 4, 5, 5, 5, 5, 5, 5, 5, 5, 5, 5, 5, 5, 5, 5, 5, 5, 5, 5, 
6, 6, 6, 6, 6, 6, 6, 6, 6, 6, 6, 6, 6, 6, 6, 6, 6, 6, 7, 7, 7, 
7, 7, 7, 7, 7, 7, 7, 7, 7, 7, 7, 7, 7, 7, 7, 8, 8, 8, 8, 8, 8, 
8, 8, 8, 8, 8, 8, 8, 8, 8, 8, 8, 8, 2, 2, 2, 2, 2, 2, 2, 2, 2, 
2, 2, 2, 2, 2, 2, 2, 2, 2), .Label = c("1", "2", "3", "4", "5", 
"6", "7", "8"), class = "factor"), pyrrat = structure(c(1, 1, 
1, 1, 1, 1, 2, 2, 2, 2, 2, 2, 3, 3, 3, 3, 3, 3, 1, 1, 1, 1, 1, 
1, 2, 2, 2, 2, 2, 2, 3, 3, 3, 3, 3, 3, 1, 1, 1, 1, 1, 1, 2, 2, 
2, 2, 2, 2, 3, 3, 3, 3, 3, 3, 1, 1, 1, 1, 1, 1, 2, 2, 2, 2, 2, 
2, 3, 3, 3, 3, 3, 3, 1, 1, 1, 1, 1, 1, 2, 2, 2, 2, 2, 2, 3, 3, 
3, 3, 3, 3, 1, 1, 1, 1, 1, 1, 2, 2, 2, 2, 2, 2, 3, 3, 3, 3, 3, 
3, 1, 1, 1, 1, 1, 1, 2, 2, 2, 2, 2, 2, 3, 3, 3, 3, 3, 3, 1, 1, 
1, 1, 1, 1, 2, 2, 2, 2, 2, 2, 3, 3, 3, 3, 3, 3), .Label = c("0", 
"1", "2"), class = c("ordered", "factor")), block = structure(c(1, 
2, 3, 1, 2, 3, 1, 2, 3, 1, 2, 3, 1, 2, 3, 1, 2, 3, 1, 2, 3, 1, 
2, 3, 1, 2, 3, 1, 2, 3, 1, 2, 3, 1, 2, 3, 1, 2, 3, 1, 2, 3, 1, 
2, 3, 1, 2, 3, 1, 2, 3, 1, 2, 3, 1, 2, 3, 1, 2, 3, 1, 2, 3, 1, 
2, 3, 1, 2, 3, 1, 2, 3, 1, 2, 3, 1, 2, 3, 1, 2, 3, 1, 2, 3, 1, 
2, 3, 1, 2, 3, 1, 2, 3, 1, 2, 3, 1, 2, 3, 1, 2, 3, 1, 2, 3, 1, 
2, 3, 1, 2, 3, 1, 2, 3, 1, 2, 3, 1, 2, 3, 1, 2, 3, 1, 2, 3, 1, 
2, 3, 1, 2, 3, 1, 2, 3, 1, 2, 3, 1, 2, 3, 1, 2, 3), .Label = c("1", 
"2", "3"), class = "factor"), inj7dat = c(0, 0, 0, 0, 0, 0, 12.5, 
25, 12.5, 6.25, 25, 12.5, 25, 25, 18.8, 12.5, 37.5, 25, 0, 0, 
0, 0, 0, 0, 37.5, 25, 25, 12.5, 37.5, 31.25, 50, 62.5, 43.8, 
50, 56.25, 50, 0, 0, 0, 0, 0, 0, 75, 75, 56.3, 50, 50, 50, 81.3, 
81.3, 68.8, 62.5, 68.75, 62.5, 0, 0, 0, 0, 0, 0, 12.5, 12.5, 
12.5, 12.5, 25, 25, 37.5, 25, 37.5, 25, 37.5, 37.5, 0, 0, 0, 
0, 0, 0, 87.5, 87.5, 87.5, 62.5, 75, 81.25, 93.8, 93.8, 93.8, 
75, 68.75, 68.75, 0, 0, 0, 0, 0, 0, 25, 18.8, 25, 18.75, 18.75, 
25, 50, 50, 50, 37.5, 25, 43.75, 0, 0, 0, 0, 0, 0, 87.5, 87.5, 
93.8, 75, 75, 75, 93.8, 93.8, 87.5, 87.5, 93.75, 87.5, 0, 0, 
0, 0, 0, 0, 81.3, 75, 87.5, 50, 75, 68.75, 93.8, 93.8, 87.5, 
75, 87.5, 81.25), in14dat = c(0, 0, 0, 0, 0, 0, 12.5, 12.5, 25, 
5, 5, 5, 25, 25, 12.5, 7, 5, 8, 0, 0, 0, 0, 0, 0, 25, 25, 12.5, 
10, 15, 15, 31.3, 37.5, 25, 20, 15, 25, 0, 0, 0, 0, 0, 0, 37.5, 
37.5, 37.5, 20, 25, 30, 50, 50, 43.8, 45, 40, 45, 0, 0, 0, 0, 
0, 0, 12.5, 25, 18.8, 5, 8, 8, 25, 25, 31.3, 10, 10, 10, 0, 0, 
0, 0, 0, 0, 50, 50, 43.8, 60, 50, 45, 62.5, 56.3, 62.5, 65, 60, 
50, 0, 0, 0, 0, 0, 0, 12.5, 12.5, 25, 5, 7, 15, 37.5, 37.5, 31.3, 
10, 15, 20, 0, 0, 0, 0, 0, 0, 75, 62.5, 75, 60, 65, 60, 81.3, 
81.3, 81.3, 65, 75, 70, 0, 0, 0, 0, 0, 0, 37.5, 62.5, 81.3, 50, 
40, 40, 50, 75, 81.3, 55, 45, 50), yldkga = c(6.1048, 7.2325, 
6.5711, 6.4843, 6.91806, 6.88553, 7.1675, 8.0241, 7.0699, 6.91806, 
8.34938, 7.23252, 7.6554, 6.8096, 6.1807, 7.61204, 7.7313, 8.4795, 
2.6385, 2.8735, 2.4217, 0.7482, 0.9759, 0.9434, 2.9639, 3.4699, 
2.3132, 0.9542, 0.4048, 0.9542, 3.3614, 3.0361, 2.0602, 0.6723, 
1.0735, 1.041, 4.6843, 2.6024, 2.8301, 6.994, 14.4759, 12.4265, 
3.5132, 1.9193, 2.4072, 6.994, 12.947, 10.9301, 3.5458, 3.5458, 
1.659, 6.2458, 9.1735, 11.7108, 4.4729, 3.0632, 2.3313, 1.3771, 
3.0361, 4.6301, 3.8494, 2.7651, 2.0964, 3.0904, 5.3891, 3.2096, 
3.7138, 2.2229, 2.0241, 3.9361, 3.0687, 3.8494, 3.7735, 5.6277, 
4.0337, 6.7012, 6.2783, 5.2048, 2.7651, 3.7084, 2.4072, 4.7819, 
4.294, 3.6434, 3.1554, 3.2205, 2.0169, 1.4639, 3.3181, 3.0253, 
3.3181, 2.4072, 3.3181, 3.2855, 2.8952, 2.8627, 3.3181, 2.3422, 
4.359, 3.6108, 3.3831, 3.5458, 3.1554, 2.3747, 4.6518, 4.1964, 
3.253, 2.8952, 1.2931, 1.8271, 2.0494, 1.659, 1.7675, 1.8759, 
1.1386, 1.2605, 1.1548, 1.7349, 1.8434, 1.247, 1.5126, 1.3232, 
1.1386, 2.0277, 1.2036, 1.4639, NA, NA, NA, 0.96614, 1.01819, 
1.18735, NA, NA, NA, 0.83928, 0.78072, 0.9206, NA, NA, NA, 0.9694, 
0.79048, 1.12229), pconyld = c(92, 109, 99, 95.83, 102.24, 101.76, 
108, 120.9, 106.5, 102.24, 123.4, 106.89, 115.4, 102.6, 93.1, 
112.5, 114.26, 125.32, 99.8, 108.7, 91.6, 84.15, 109.76, 106.1, 
112, 131.2, 87.5, 107.32, 79.27, 107.32, 127.1, 114.8, 77.9, 
75.61, 120.73, 117.07, 138.9, 77.2, 83.9, 61.96, 128.24, 110.09, 
104.2, 56.9, 71.4, 61.96, 114.7, 96.83, 105.1, 105.1, 49.2, 55.33, 
81.27, 103.75, 136, 93.1, 70.9, 45.68, 100.72, 153.6, 117, 84.1, 
63.7, 102.52, 178.78, 106.5, 112.9, 67.6, 61.5, 130.6, 101.8, 
127.7, 84.5, 125.7, 90.1, 110.8, 103.8, 86, 61.7, 82.8, 53.8, 
79, 71, 60.2, 70.5, 71.9, 46.8, 24.2, 54.8, 50, 110.1, 80, 110.1, 
108.6, 95.7, 94.6, 110, 77.7, 144.6, 119.4, 111.8, 117.2, 103.5, 
77.9, 152.6, 138.7, 107.5, 95.7, 75.1, 105.8, 119.1, 93.9, 100, 
106.1, 66.1, 73.2, 67.1, 98.2, 104.3, 70.6, 87.9, 82.7, 66.1, 
114.7, 68.1, 82.8, NA, NA, NA, 91.38, 96.31, 112.31, NA, NA, 
NA, 79.38, 73.85, 87.08, NA, NA, NA, 91.69, 74.77, 106.15), pcnblk = c(100, 
100, 100, 100, 100, 100, 117, 111, 108, 106.69, 120.69, 105.04, 
125, 94, 94, 117.39, 111.76, 123.15, 100, 100, 100, 100, 100, 
100, 112, 121, 96, 127.53, 41.48, 101.14, 127, 106, 85, 89.86, 
110, 110.35, 100, 100, 100, 100, 100, 100, 75, 74, 85, 100, 89.44, 
87.96, 76, 136, 59, 89.3, 63.37, 94.24, 100, 100, 100, 100, 100, 
100, 86, 90, 90, 224.41, 177.5, 69.32, 83, 73, 87, 285.83, 101.07, 
83.14, 100, 100, 100, 100, 100, 100, 73, 66, 60, 71.36, 68.39, 
70, 84, 57, 50, 21.85, 52.85, 58.13, 100, 100, 100, 100, 100, 
100, 100, 97, 131, 109.9, 116.85, 123.86, 95, 99, 140, 127.72, 
112.36, 101.14, 100, 100, 100, 100, 100, 100, 88, 67, 56, 104.58, 
104.29, 66.27, 117, 78, 56, 122.22, 68.1, 78.04, NA, NA, NA, 
100, 100, 100, NA, NA, NA, 86.87, 76.68, 77.53, NA, NA, NA, 100.34, 
77.64, 94.52), year = structure(c(1, 1, 1, 2, 2, 2, 1, 1, 1, 
2, 2, 2, 1, 1, 1, 2, 2, 2, 1, 1, 1, 2, 2, 2, 1, 1, 1, 2, 2, 2, 
1, 1, 1, 2, 2, 2, 1, 1, 1, 2, 2, 2, 1, 1, 1, 2, 2, 2, 1, 1, 1, 
2, 2, 2, 1, 1, 1, 2, 2, 2, 1, 1, 1, 2, 2, 2, 1, 1, 1, 2, 2, 2, 
1, 1, 1, 2, 2, 2, 1, 1, 1, 2, 2, 2, 1, 1, 1, 2, 2, 2, 1, 1, 1, 
2, 2, 2, 1, 1, 1, 2, 2, 2, 1, 1, 1, 2, 2, 2, 1, 1, 1, 2, 2, 2, 
1, 1, 1, 2, 2, 2, 1, 1, 1, 2, 2, 2, 1, 1, 1, 2, 2, 2, 1, 1, 1, 
2, 2, 2, 1, 1, 1, 2, 2, 2), .Label = c("1", "2"), class = c("ordered", 
"factor")), trt = structure(c(1, 1, 1, 1, 1, 1, 2, 2, 2, 2, 2, 
2, 3, 3, 3, 3, 3, 3, 4, 4, 4, 4, 4, 4, 5, 5, 5, 5, 5, 5, 6, 6, 
6, 6, 6, 6, 7, 7, 7, 7, 7, 7, 8, 8, 8, 8, 8, 8, 9, 9, 9, 9, 9, 
9, 10, 10, 10, 10, 10, 10, 11, 11, 11, 11, 11, 11, 12, 12, 12, 
12, 12, 12, 13, 13, 13, 13, 13, 13, 14, 14, 14, 14, 14, 14, 15, 
15, 15, 15, 15, 15, 16, 16, 16, 16, 16, 16, 17, 17, 17, 17, 17, 
17, 18, 18, 18, 18, 18, 18, 19, 19, 19, 19, 19, 19, 20, 20, 20, 
20, 20, 20, 21, 21, 21, 21, 21, 21, 22, 22, 22, 22, 22, 22, 23, 
23, 23, 23, 23, 23, 24, 24, 24, 24, 24, 24), .Label = c("a", 
"b", "c", "d", "e", "f", "g", "h", "i", "j", "k", "l", "m", "n", 
"o", "p", "q", "r", "s", "t", "u", "v", "w", "x"), class = "factor")), .Names = c("crop", 
"pyrrat", "block", "inj7dat", "in14dat", "yldkga", "pconyld", 
"pcnblk", "year", "trt"),