"Budworm" <-
structure(list(ldose = c(0, 1, 2, 3, 4, 5, 0, 1, 2, 3, 4, 5), 
    dead = c(0.05, 0.2, 0.45, 0.65, 0.9, 1, 0, 0.1, 0.3, 0.5, 
    0.6, 0.8), sex = structure(c(2, 2, 2, 2, 2, 2, 1, 1, 1, 1, 
    1, 1), .Label = c("F", "M"), class = "factor", contrasts = structure(c(1, 
    -1), .Dim = c(2, 1), .Dimnames = list(c("F", "M"), NULL))), 
    total = c(20, 20, 20, 20, 20, 20, 20, 20, 20, 20, 20, 20)), .Names = c("ldose", 
"dead", "sex", "total"), class = "data.frame", row.names = c("1", 
"2", "3", "4", "5", "6", "7", "8", "9", "10", "11", "12"))
